1774853236396 25634 0-7 7
1774853236496 25634 0-7 7
1774853236601 25634 7 7
1774853236703 25634 7 7
1774853236703 25649 0-7 2
1774853236703 25650 0-7 2
1774853236703 25651 0-7 3
1774853236703 25652 0-7 4
1774853236703 25653 0-7 2
1774853236928 25634 7 7
1774853236928 25649 0-7 2
1774853236928 25650 0-7 2
1774853236928 25651 0-7 3
1774853236928 25652 0-7 4
1774853236928 25653 0-7 2
1774853237155 25634 7 7
1774853237155 25649 6 6
1774853237155 25650 5 5
1774853237155 25651 4 4
1774853237155 25652 3 3
1774853237155 25653 2 2
1774853237413 25634 7 7
1774853237413 25649 6 6
1774853237413 25650 5 5
1774853237413 25651 4 4
1774853237413 25652 3 3
1774853237413 25653 2 2
1774853237682 25634 7 7
1774853237682 25649 6 6
1774853237682 25650 5 5
1774853237682 25651 4 4
1774853237682 25652 3 3
1774853237682 25653 2 2
1774853237951 25634 7 7
1774853237951 25649 6 6
1774853237951 25650 5 5
1774853237951 25651 4 4
1774853237951 25652 3 3
1774853237951 25653 2 2
1774853238209 25634 7 7
1774853238209 25649 6 6
1774853238209 25650 5 5
1774853238209 25651 4 4
1774853238209 25652 3 3
1774853238209 25653 2 2
1774853238477 25634 7 7
1774853238477 25649 6 6
1774853238477 25650 5 5
1774853238477 25651 4 4
1774853238477 25652 3 3
1774853238477 25653 2 2
1774853238741 25634 7 7
1774853238741 25649 6 6
1774853238741 25650 5 5
1774853238741 25651 4 4
1774853238741 25652 3 3
1774853238741 25653 2 2
1774853239007 25634 7 7
1774853239007 25649 6 6
1774853239007 25650 5 5
1774853239007 25651 4 4
1774853239007 25652 3 3
1774853239007 25653 2 2
1774853239242 25634 7 7
1774853239242 25649 6 6
1774853239242 25650 5 5
1774853239242 25651 4 4
1774853239242 25652 3 3
1774853239242 25653 2 2
1774853239471 25634 7 7
1774853239471 25649 6 6
1774853239471 25650 5 5
1774853239471 25651 4 4
1774853239471 25652 3 3
1774853239471 25653 2 2
1774853239704 25634 7 7
1774853239704 25649 6 6
1774853239704 25650 5 5
1774853239704 25651 4 4
1774853239704 25652 3 3
1774853239704 25653 2 2
1774853239951 25634 7 7
1774853239951 25649 5 5
1774853239951 25650 4 4
1774853239951 25651 3 3
1774853239951 25652 2 2
1774853239951 25653 2 2
1774853240193 25634 7 7
1774853240193 25649 5 5
1774853240193 25650 4 4
1774853240193 25651 3 3
1774853240193 25652 2 2
1774853240193 25653 2 2
1774853240433 25634 7 7
1774853240433 25649 5 5
1774853240433 25650 4 4
1774853240433 25651 3 3
1774853240433 25652 2 2
1774853240433 25653 2 2
1774853240673 25634 7 7
1774853240673 25649 5 5
1774853240673 25650 4 4
1774853240673 25651 3 3
1774853240673 25652 2 2
1774853240673 25653 2 2
1774853240915 25634 7 7
1774853240915 25649 5 5
1774853240915 25650 4 4
1774853240915 25651 3 3
1774853240915 25652 2 2
1774853240915 25653 2 2
1774853241160 25634 7 7
1774853241160 25649 5 5
1774853241160 25650 4 4
1774853241160 25651 3 3
1774853241160 25652 2 2
1774853241160 25653 2 2
1774853241400 25634 7 7
1774853241400 25649 5 5
1774853241400 25650 4 4
1774853241400 25651 3 3
1774853241400 25652 2 2
1774853241400 25653 2 2
1774853241642 25634 7 7
1774853241642 25649 5 5
1774853241642 25650 4 4
1774853241642 25651 3 3
1774853241642 25652 2 2
1774853241642 25653 2 2
1774853241888 25634 7 7
1774853241888 25649 5 5
1774853241888 25650 4 4
1774853241888 25651 3 3
1774853241888 25652 2 2
1774853241888 25653 2 2
1774853242121 25634 7 7
1774853242121 25649 5 5
1774853242121 25650 4 4
1774853242121 25651 3 3
1774853242121 25652 2 2
1774853242121 25653 2 2
1774853242361 25634 7 7
1774853242361 25649 5 5
1774853242361 25650 4 4
1774853242361 25651 3 3
1774853242361 25652 2 2
1774853242361 25653 2 2
1774853242600 25634 7 7
1774853242600 25649 5 5
1774853242600 25650 4 4
1774853242600 25651 3 3
1774853242600 25652 2 2
1774853242600 25653 2 2
1774853242848 25634 7 7
1774853242848 25649 5 5
1774853242848 25650 4 4
1774853242848 25651 3 3
1774853242848 25652 2 2
1774853242848 25653 2 2
1774853243096 25634 7 7
1774853243096 25649 5 5
1774853243096 25650 4 4
1774853243096 25651 3 3
1774853243096 25652 2 2
1774853243096 25653 2 2
1774853243336 25634 7 7
1774853243336 25649 5 5
1774853243336 25650 4 4
1774853243336 25651 3 3
1774853243336 25652 2 2
1774853243336 25653 2 2
1774853243577 25634 7 7
1774853243577 25649 5 5
1774853243577 25650 4 4
1774853243577 25651 3 3
1774853243577 25652 2 2
1774853243577 25653 2 2
1774853243824 25634 7 7
1774853243824 25649 5 5
1774853243824 25650 4 4
1774853243824 25651 3 3
1774853243824 25652 2 2
1774853243824 25653 2 2
1774853244071 25634 7 7
1774853244071 25649 5 5
1774853244071 25650 4 4
1774853244071 25651 3 3
1774853244071 25652 2 2
1774853244071 25653 2 2
1774853244312 25634 7 7
1774853244312 25649 5 5
1774853244312 25650 4 4
1774853244312 25651 3 3
1774853244312 25652 2 2
1774853244312 25653 2 2
1774853244560 25634 7 7
1774853244560 25649 5 5
1774853244560 25650 4 4
1774853244560 25651 3 3
1774853244560 25652 2 2
1774853244560 25653 2 2
1774853244800 25634 7 7
1774853244800 25649 5 5
1774853244800 25650 4 4
1774853244800 25651 3 3
1774853244800 25652 2 2
1774853244800 25653 2 2
1774853245040 25634 7 7
1774853245040 25649 5 5
1774853245040 25650 4 4
1774853245040 25651 3 3
1774853245040 25652 2 2
1774853245040 25653 2 2
1774853245280 25634 7 7
1774853245280 25649 5 5
1774853245280 25650 4 4
1774853245280 25651 3 3
1774853245280 25652 2 2
1774853245280 25653 2 2
1774853245522 25634 7 7
1774853245522 25649 5 5
1774853245522 25650 4 4
1774853245522 25651 3 3
1774853245522 25652 2 2
1774853245522 25653 2 2
1774853245760 25634  
1774853245760 25650  
